processo0 1 8 382
processo1 5 4 367
processo2 5 10 523
processo3 5 1 609
processo4 7 1 78
processo5 10 3 190
processo6 12 10 636
processo7 13 2 731
processo8 16 1 529
processo9 18 1 170
processo10 20 6 374
processo11 22 3 239
processo12 24 3 430
processo13 25 3 801
processo14 29 2 356
processo15 30 10 869
processo16 30 7 786
processo17 31 5 456
processo18 34 9 944
processo19 36 6 905
processo20 39 10 857
processo21 43 9 1012
processo22 46 7 117
processo23 49 5 282
processo24 53 6 68
processo25 57 7 803
processo26 61 9 347
processo27 61 6 419
processo28 63 1 724
processo29 63 8 408
processo30 66 9 641
processo31 68 10 854
processo32 72 3 697
processo33 73 3 744
processo34 77 7 897
processo35 78 7 916
processo36 78 8 986
processo37 80 10 427
processo38 81 2 590
processo39 82 8 716
processo40 85 8 939
processo41 86 7 608
processo42 89 9 297
processo43 91 5 398
processo44 92 1 1041
processo45 96 7 919
processo46 99 2 836
processo47 102 7 563
processo48 102 3 203
processo49 106 2 675
processo50 108 7 839
processo51 112 9 204
processo52 116 9 376
processo53 120 3 768
processo54 123 4 972
processo55 124 1 339
processo56 124 9 270
processo57 124 9 1026
processo58 126 6 670
processo59 128 10 517
processo60 129 4 238
processo61 131 3 769
processo62 131 8 884
processo63 132 4 194
processo64 135 2 730
processo65 136 10 311
processo66 136 5 394
processo67 138 8 959
processo68 141 7 626
processo69 142 6 607
processo70 144 2 529
processo71 148 4 247
processo72 150 2 616
processo73 152 8 849
processo74 154 4 878
processo75 155 5 722
processo76 156 2 836
processo77 158 6 321
processo78 158 4 967
processo79 159 2 881
processo80 159 1 981
processo81 162 8 707
processo82 163 10 771
processo83 163 9 779
processo84 165 7 382
processo85 169 10 1135
processo86 170 8 237
processo87 172 10 487
processo88 176 8 474
processo89 176 4 382
processo90 176 9 659
processo91 180 10 1051
processo92 183 6 891
processo93 184 8 935
processo94 184 2 875
processo95 185 7 382
processo96 189 3 899
processo97 193 10 402
processo98 197 7 330
processo99 201 7 879
processo100 204 9 802
processo101 207 3 530
processo102 208 6 821
processo103 212 9 488
processo104 214 10 1212
processo105 217 3 1064
processo106 220 2 971
processo107 222 3 605
processo108 223 7 1126
processo109 227 4 685
processo110 227 4 654
processo111 229 7 563
processo112 231 4 940
processo113 233 5 743
processo114 237 7 1228
processo115 241 10 659
processo116 242 5 629
processo117 242 9 1215
processo118 242 3 1058
processo119 246 2 466
processo120 249 5 635
processo121 252 7 1037
processo122 253 1 1227
processo123 254 3 574
processo124 255 4 1164
processo125 258 6 690
processo126 261 2 685
processo127 261 7 868
processo128 263 4 779
processo129 265 8 909
processo130 265 9 916
processo131 266 2 1036
processo132 267 5 662
processo133 268 3 1036
processo134 268 7 433
processo135 268 7 890
processo136 269 5 550
processo137 272 8 522
processo138 273 5 876
processo139 273 9 1169
processo140 274 9 848
processo141 277 2 1038
processo142 280 6 1081
processo143 284 2 314
processo144 285 10 609
processo145 286 10 638
processo146 288 9 1113
processo147 291 7 1121
processo148 294 10 983
processo149 295 6 498
processo150 298 9 1254
processo151 299 3 613
processo152 301 8 375
processo153 303 4 1196
processo154 305 5 408
processo155 308 7 1265
processo156 308 4 830
processo157 312 7 895
processo158 316 7 1049
processo159 317 3 1151
processo160 317 9 1205
processo161 320 2 835
processo162 324 6 831
processo163 326 5 1267
processo164 329 3 1213
processo165 333 8 538
processo166 337 6 1195
processo167 339 10 1119
processo168 339 9 895
processo169 340 2 473
processo170 342 3 404
processo171 346 1 1299
processo172 348 2 567
processo173 348 1 351
processo174 350 9 1045
processo175 350 8 941
processo176 354 9 751
processo177 355 6 630
processo178 358 2 410
processo179 358 5 1124
processo180 360 8 1321
processo181 363 2 1290
processo182 366 1 1355
processo183 366 2 576
processo184 370 9 558
processo185 370 9 1377
processo186 371 8 996
processo187 372 1 925
processo188 373 4 462
processo189 374 7 971
processo190 378 1 628
processo191 381 4 1327
processo192 381 4 567
processo193 385 10 1218
processo194 389 1 543
processo195 392 7 452
processo196 394 10 476
processo197 395 1 458
processo198 398 2 898
processo199 399 5 978
processo200 402 10 1186
processo201 404 10 571
processo202 405 5 1143
processo203 408 1 1071
processo204 412 6 772
processo205 416 1 1209
processo206 419 5 1335
processo207 419 6 877
processo208 419 2 456
processo209 422 5 787
processo210 424 8 1323
processo211 425 2 657
processo212 425 8 439
processo213 428 8 645
processo214 430 2 478
processo215 432 2 482
processo216 433 7 1303
processo217 436 2 1248
processo218 436 4 883
processo219 438 2 1287
processo220 440 6 762
processo221 440 4 1191
processo222 442 10 1238
processo223 446 10 720
processo224 446 5 1158
processo225 447 4 721
processo226 451 5 462
processo227 455 8 803
processo228 455 5 793
processo229 458 8 1303
processo230 461 2 887
processo231 465 8 991
processo232 469 5 1101
processo233 469 1 658
processo234 470 6 988
processo235 474 9 788
processo236 478 9 1199
processo237 481 3 1423
processo238 484 10 638
processo239 487 1 1201
processo240 487 9 1150
processo241 489 5 1057
processo242 489 9 1168
processo243 493 10 1483
processo244 495 8 911
processo245 497 2 1145
processo246 501 9 1254
processo247 502 2 773
processo248 503 7 1188
processo249 505 5 1278
processo250 507 3 896
processo251 508 5 714
processo252 508 7 826
processo253 510 6 668
processo254 512 3 855
processo255 514 5 1452
processo256 515 5 1371
processo257 517 8 1329
processo258 518 9 659
processo259 518 8 695
processo260 518 10 1279
processo261 520 9 536
processo262 520 1 624
processo263 523 3 544
processo264 524 7 823
processo265 525 10 974
processo266 526 1 642
processo267 526 8 566
processo268 530 7 668
processo269 534 2 1146
processo270 537 7 1024
processo271 538 1 989
processo272 541 8 929
processo273 544 9 845
processo274 547 10 1427
processo275 547 3 1369
processo276 551 9 1401
processo277 552 9 1242
processo278 556 6 1169
processo279 558 5 1213
processo280 560 3 1141
processo281 564 4 699
processo282 568 4 1432
processo283 569 7 654
processo284 572 10 1519
processo285 576 7 712
processo286 576 2 1166
processo287 580 3 1451
processo288 580 9 1012
processo289 584 6 1327
processo290 588 4 923
processo291 590 5 1199
processo292 590 7 864
processo293 591 8 1374
processo294 595 4 1393
processo295 597 10 928
processo296 600 7 1401
processo297 603 6 937
processo298 605 6 1568
processo299 605 5 772
processo300 605 6 1518
processo301 606 4 634
processo302 609 4 1223
processo303 609 7 1013
processo304 612 7 1001
processo305 616 6 1353
processo306 616 4 1588
processo307 617 5 907
processo308 619 2 1282
processo309 623 4 1384
processo310 626 4 1503
processo311 629 6 1573
processo312 631 4 718
processo313 635 1 1158
processo314 638 4 1270
processo315 639 4 1038
processo316 641 6 1247
processo317 643 5 832
processo318 646 2 1015
processo319 647 8 876
processo320 647 6 1487
processo321 647 6 1544
processo322 647 10 1653
processo323 651 4 1424
processo324 652 8 1292
processo325 653 4 1094
processo326 654 3 1162
processo327 655 1 1285
processo328 658 6 1506
processo329 658 2 1409
processo330 659 9 1532
processo331 662 10 824
processo332 663 10 1604
processo333 666 6 837
processo334 668 4 1274
processo335 669 10 1304
processo336 670 3 1342
processo337 671 7 1677
processo338 673 5 1634
processo339 677 10 1536
processo340 680 9 1477
processo341 684 2 1683
processo342 685 8 1459
processo343 688 3 1575
processo344 691 5 863
processo345 693 4 1646
processo346 697 10 978
processo347 700 3 790
processo348 700 5 1286
processo349 701 1 1175
processo350 704 6 1341
processo351 705 5 1304
processo352 708 9 1618
processo353 709 2 1317
processo354 709 2 1483
processo355 709 6 1100
processo356 713 5 952
processo357 713 5 1246
processo358 713 5 1262
processo359 716 4 844
processo360 717 2 1088
processo361 719 8 1223
processo362 720 3 1027
processo363 720 6 803
processo364 721 4 1705
processo365 721 9 1345
processo366 722 5 1038
processo367 724 10 1119
processo368 725 7 922
processo369 725 6 1116
processo370 727 7 850
processo371 730 2 1607
processo372 734 10 1051
processo373 734 2 970
processo374 736 10 1583
processo375 740 1 1728
processo376 744 7 1032
processo377 746 9 1098
processo378 749 2 1010
processo379 749 10 1075
processo380 749 2 1386
processo381 752 5 1603
processo382 755 5 1007
processo383 757 2 1148
processo384 758 5 991
processo385 759 9 1306
processo386 759 1 816
processo387 763 5 785
processo388 767 3 1718
processo389 767 5 871
processo390 769 2 1661
processo391 771 7 1525
processo392 771 5 1589
processo393 773 4 1521
processo394 776 8 1754
processo395 778 1 898
processo396 780 1 1642
processo397 784 7 946
processo398 787 6 1533
processo399 790 7 953
processo400 793 6 1589
processo401 793 8 1557
processo402 795 10 1088
processo403 797 9 1482
processo404 799 8 1330
processo405 801 7 821
processo406 804 4 1294
processo407 808 10 1040
processo408 810 3 1083
processo409 812 7 1355
processo410 812 2 1207
processo411 812 7 1591
processo412 814 10 1695
processo413 814 7 1110
processo414 815 1 1232
processo415 817 4 1005
processo416 817 9 1254
processo417 820 6 1085
processo418 821 8 1821
processo419 822 2 1454
processo420 826 2 1749
processo421 828 3 938
processo422 832 2 1122
processo423 834 2 1113
processo424 835 10 1662
processo425 835 2 1069
processo426 839 10 1842
processo427 843 3 1454
processo428 847 1 1433
processo429 850 7 1225
processo430 853 1 1263
processo431 854 10 1067
processo432 857 9 1020
processo433 861 1 1759
processo434 864 5 978
processo435 864 7 1831
processo436 864 1 1386
processo437 867 8 1449
processo438 870 2 916
processo439 873 10 1086
processo440 876 10 1471
processo441 878 1 1464
processo442 881 1 1207
processo443 885 10 1573
processo444 889 8 1181
processo445 892 6 1458
processo446 892 8 942
processo447 894 3 1056
processo448 897 6 1425
processo449 901 6 1678
processo450 903 4 1147
processo451 903 3 1756
processo452 905 6 972
processo453 907 8 1427
processo454 909 7 1398
processo455 910 5 1702
processo456 913 7 1636
processo457 914 9 1481
processo458 916 9 1198
processo459 916 6 1720
processo460 917 3 1421
processo461 921 10 1074
processo462 922 2 1205
processo463 926 2 996
processo464 928 9 1043
processo465 932 3 1087
processo466 935 6 1459
processo467 939 4 1022
processo468 941 2 1702
processo469 943 2 1549
processo470 943 5 1117
processo471 944 9 991
processo472 945 6 1101
processo473 949 5 1135
processo474 953 9 1123
processo475 953 5 981
processo476 957 10 998
processo477 960 9 1843
processo478 964 8 1037
processo479 967 10 1103
processo480 967 10 1158
processo481 971 3 1795
processo482 973 2 1873
processo483 977 1 1803
processo484 979 3 1095
processo485 983 8 1941
processo486 987 8 1764
processo487 987 8 1283
processo488 987 9 1763
processo489 989 9 1775
processo490 990 4 1812
processo491 994 10 1397
processo492 994 5 1643
processo493 995 9 1560
processo494 996 9 1203
processo495 997 10 1035
processo496 998 4 1199
processo497 999 2 1225
processo498 1000 4 1248
processo499 1003 1 1316
processo500 1003 7 1748
processo501 1004 8 1349
processo502 1008 9 1518
processo503 1011 10 1753
processo504 1012 6 1228
processo505 1012 7 1468
processo506 1012 1 1837
processo507 1014 2 1383
processo508 1017 3 1620
processo509 1019 1 1313
processo510 1020 9 1600
processo511 1024 7 2000
processo512 1026 6 1691
processo513 1026 1 1567
processo514 1028 2 1115
processo515 1030 4 1497
processo516 1033 4 1662
processo517 1033 1 1670
processo518 1035 6 1881
processo519 1035 3 1691
processo520 1038 5 1894
processo521 1039 6 1354
processo522 1041 5 1410
processo523 1042 6 1764
processo524 1043 10 1622
processo525 1046 5 1174
processo526 1050 8 1166
processo527 1054 8 1433
processo528 1055 8 1549
processo529 1058 8 1117
processo530 1059 3 1439
processo531 1063 1 1266
processo532 1066 9 1292
processo533 1068 5 1347
processo534 1068 4 1825
processo535 1068 9 1646
processo536 1068 8 1895
processo537 1068 5 1399
processo538 1069 8 1592
processo539 1069 1 1352
processo540 1072 8 2056
processo541 1072 7 1896
processo542 1074 6 1205
processo543 1075 10 1996
processo544 1077 1 1794
processo545 1080 3 1708
processo546 1082 8 1894
processo547 1083 3 1614
processo548 1083 2 1870
processo549 1083 9 1508
processo550 1083 7 1515
processo551 1084 2 1397
processo552 1087 1 1176
processo553 1087 10 1217
processo554 1091 2 1215
processo555 1091 10 1765
processo556 1091 8 1672
processo557 1091 4 1700
processo558 1091 1 1280
processo559 1092 2 1902
processo560 1096 7 1267
processo561 1100 10 1447
processo562 1102 1 1633
processo563 1105 6 2070
processo564 1108 5 1363
processo565 1108 3 1973
processo566 1109 3 1771
processo567 1113 10 1287
processo568 1114 8 1827
processo569 1114 1 1263
processo570 1117 10 1551
processo571 1117 6 1688
processo572 1119 5 1809
processo573 1121 3 1737
processo574 1122 1 1382
processo575 1126 3 1470
processo576 1127 9 1972
processo577 1129 8 1684
processo578 1130 5 1139
processo579 1133 2 1479
processo580 1134 7 1476
processo581 1136 7 1545
processo582 1139 7 2003
processo583 1139 4 1282
processo584 1139 3 1864
processo585 1139 4 1517
processo586 1142 5 1612
processo587 1143 7 2012
processo588 1147 5 1380
processo589 1147 9 1555
processo590 1149 2 1687
processo591 1153 10 1317
processo592 1155 5 1400
processo593 1159 7 1842
processo594 1159 3 1230
processo595 1161 8 1892
processo596 1165 8 1620
processo597 1169 5 2129
processo598 1172 1 1584
processo599 1174 3 1698
processo600 1177 10 1620
processo601 1178 5 1457
processo602 1179 2 1791
processo603 1180 8 1314
processo604 1182 3 1973
processo605 1184 1 1392
processo606 1184 7 1916
processo607 1188 8 2077
processo608 1189 1 2061
processo609 1192 5 1600
processo610 1193 9 1377
processo611 1194 10 1373
processo612 1194 6 1692
processo613 1194 5 1848
processo614 1196 7 1686
processo615 1198 2 1565
processo616 1198 7 1226
processo617 1200 2 1470
processo618 1200 5 2174
processo619 1201 8 1912
processo620 1202 5 1430
processo621 1205 8 1926
processo622 1209 4 1243
processo623 1210 1 1275
processo624 1212 5 2060
processo625 1213 8 1655
processo626 1214 10 2136
processo627 1214 9 1948
processo628 1217 9 1406
processo629 1221 2 1910
processo630 1221 10 1704
processo631 1224 4 1551
processo632 1227 8 2041
processo633 1231 7 1474
processo634 1231 4 1328
processo635 1231 7 1698
processo636 1235 4 1840
processo637 1239 4 2132
processo638 1243 4 1804
processo639 1247 4 1431
processo640 1251 9 2069
processo641 1255 9 2236
processo642 1257 3 1450
processo643 1260 9 1927
processo644 1262 1 1584
processo645 1264 7 1991
processo646 1266 8 1437
processo647 1266 2 1996
processo648 1270 2 1955
processo649 1273 3 1922
processo650 1276 2 1654
processo651 1278 7 1382
processo652 1280 6 1807
processo653 1284 2 1317
processo654 1286 4 1981
processo655 1286 1 1336
processo656 1286 10 1835
processo657 1286 2 2008
processo658 1286 1 1310
processo659 1290 1 1567
processo660 1292 1 1810
processo661 1293 10 2228
processo662 1296 2 1769
processo663 1297 8 1617
processo664 1299 10 1346
processo665 1299 8 2046
processo666 1299 3 1532
processo667 1303 6 1420
processo668 1304 6 1933
processo669 1304 2 1629
processo670 1307 5 2055
processo671 1307 8 1359
processo672 1310 6 1812
processo673 1314 9 1666
processo674 1317 1 1563
processo675 1317 6 1845
processo676 1318 3 1567
processo677 1319 9 1909
processo678 1321 8 2288
processo679 1323 10 2043
processo680 1323 8 1517
processo681 1323 5 2091
processo682 1327 8 2225
processo683 1329 4 1421
processo684 1332 4 2076
processo685 1335 1 1874
processo686 1337 7 1874
processo687 1337 3 2301
processo688 1339 2 1539
processo689 1342 6 1965
processo690 1342 3 1839
processo691 1344 5 1399
processo692 1346 10 1864
processo693 1346 4 1743
processo694 1346 4 2017
processo695 1347 9 2073
processo696 1348 6 1990
processo697 1351 2 1653
processo698 1355 1 1530
processo699 1359 9 2247
processo700 1360 9 1461
processo701 1362 8 2276
processo702 1362 3 1732
processo703 1365 8 1696
processo704 1368 5 1489
processo705 1370 3 1718
processo706 1372 9 1911
processo707 1375 8 2006
processo708 1378 9 1592
processo709 1380 9 2272
processo710 1382 7 1813
processo711 1383 2 1398
processo712 1385 7 1807
processo713 1387 2 1613
processo714 1387 10 1926
processo715 1388 10 1819
processo716 1389 7 2188
processo717 1393 10 2222
processo718 1395 3 1917
processo719 1395 3 1785
processo720 1398 2 1496
processo721 1402 3 2192
processo722 1402 2 1619
processo723 1402 9 1947
processo724 1402 9 2258
processo725 1403 8 2227
processo726 1407 9 1928
processo727 1408 5 2336
processo728 1410 5 2413
processo729 1412 10 2332
processo730 1413 10 2314
processo731 1415 5 1805
processo732 1416 5 2367
processo733 1419 2 2068
processo734 1423 4 1884
processo735 1427 5 1926
processo736 1427 2 1884
processo737 1427 8 2304
processo738 1430 6 2149
processo739 1433 5 1630
processo740 1436 1 1979
processo741 1437 6 1981
processo742 1438 9 1641
processo743 1438 8 1723
processo744 1442 2 2105
processo745 1443 8 2028
processo746 1446 1 1895
processo747 1446 6 1518
processo748 1447 6 2406
processo749 1449 5 1731
processo750 1453 5 1587
processo751 1456 9 1719
processo752 1459 7 1609
processo753 1463 2 1475
processo754 1465 8 2216
processo755 1468 2 1661
processo756 1470 10 2001
processo757 1471 7 2076
processo758 1475 3 1823
processo759 1479 5 2245
processo760 1480 2 1590
processo761 1480 2 1758
processo762 1482 3 1487
processo763 1484 7 2077
processo764 1486 9 2168
processo765 1488 4 1566
processo766 1488 7 2130
processo767 1491 10 2312
processo768 1494 9 1679
processo769 1498 3 1943
processo770 1500 6 2309
processo771 1500 8 2365
processo772 1501 5 2295
processo773 1505 7 1657
processo774 1505 1 1710
processo775 1505 1 2483
processo776 1505 1 1901
processo777 1505 7 2066
processo778 1509 10 2391
processo779 1509 1 1516
processo780 1511 4 2396
processo781 1514 4 1849
processo782 1514 3 1774
processo783 1518 4 2326
processo784 1519 1 1556
processo785 1519 1 1866
processo786 1519 6 2154
processo787 1519 9 1933
processo788 1519 5 2500
processo789 1523 7 1867
processo790 1524 1 2477
processo791 1528 9 2114
processo792 1530 6 2025
processo793 1530 2 1574
processo794 1531 4 1709
processo795 1533 1 2389
processo796 1534 8 2404
processo797 1536 1 2369
processo798 1538 6 2120
processo799 1541 7 2522
processo800 1543 5 2313
processo801 1547 7 2009
processo802 1549 9 2109
processo803 1552 9 2105
processo804 1555 5 1789
processo805 1557 10 2377
processo806 1559 3 1881
processo807 1561 5 2015
processo808 1565 2 2321
processo809 1568 7 1738
processo810 1570 2 2549
processo811 1574 8 2365
processo812 1574 10 2496
processo813 1577 6 2555
processo814 1581 4 2354
processo815 1585 6 1929
processo816 1589 6 2325
processo817 1589 10 2173
processo818 1589 4 2220
processo819 1590 9 2464
processo820 1594 9 2229
processo821 1598 3 1815
processo822 1600 5 1810
processo823 1601 10 1701
processo824 1605 10 2230
processo825 1605 9 2217
processo826 1608 10 2526
processo827 1608 10 2067
processo828 1609 10 1973
processo829 1609 7 2169
processo830 1609 8 2340
processo831 1613 7 2545
processo832 1613 2 2287
processo833 1613 8 1782
processo834 1616 9 1915
processo835 1619 9 1916
processo836 1620 9 1946
processo837 1621 1 1671
processo838 1623 7 1858
processo839 1625 4 2295
processo840 1625 5 2156
processo841 1625 6 2063
processo842 1625 1 2499
processo843 1629 3 1745
processo844 1630 8 1761
processo845 1631 9 2314
processo846 1633 2 1737
processo847 1634 6 1835
processo848 1634 8 1815
processo849 1635 5 1657
processo850 1637 7 2587
processo851 1637 2 2217
processo852 1640 5 2485
processo853 1643 9 2586
processo854 1646 5 2603
processo855 1648 4 2512
processo856 1649 3 1913
processo857 1649 9 2426
processo858 1649 7 1782
processo859 1653 3 1696
processo860 1654 7 2078
processo861 1655 8 2641
processo862 1659 3 2016
processo863 1663 3 2179
processo864 1663 7 1989
processo865 1665 4 1733
processo866 1669 7 1712
processo867 1672 2 1931
processo868 1673 3 2451
processo869 1675 9 2503
processo870 1678 2 1735
processo871 1680 8 2402
processo872 1682 2 1912
processo873 1684 8 2163
processo874 1686 8 2601
processo875 1687 3 1702
processo876 1690 7 1805
processo877 1691 5 1697
processo878 1691 2 1876
processo879 1691 4 2578
processo880 1695 9 2118
processo881 1697 3 1771
processo882 1698 8 2490
processo883 1698 7 2098
processo884 1701 9 2543
processo885 1701 2 2110
processo886 1705 10 2338
processo887 1707 7 2514
processo888 1710 2 1713
processo889 1714 3 1773
processo890 1718 4 1729
processo891 1722 1 2344
processo892 1724 5 2607
processo893 1728 7 2219
processo894 1732 10 2694
processo895 1734 2 2690
processo896 1735 6 2646
processo897 1735 10 2236
processo898 1735 5 1765
processo899 1738 6 2673
processo900 1739 1 1762
processo901 1742 2 1809
processo902 1742 6 2519
processo903 1742 5 1764
processo904 1742 2 2722
processo905 1746 9 1964
processo906 1746 6 2178
processo907 1747 8 2140
processo908 1751 10 2552
processo909 1755 3 2235
processo910 1755 4 1788
processo911 1758 5 2273
processo912 1758 7 1812
processo913 1759 7 2488
processo914 1759 4 2746
processo915 1762 6 2431
processo916 1766 1 1937
processo917 1766 4 2249
processo918 1768 9 1815
processo919 1771 10 2333
processo920 1773 1 2500
processo921 1776 6 2404
processo922 1776 8 1942
processo923 1779 9 2704
processo924 1781 9 2172
processo925 1783 9 2299
processo926 1785 8 2390
processo927 1785 3 2051
processo928 1789 7 2439
processo929 1789 10 2561
processo930 1791 5 2050
processo931 1791 8 1940
processo932 1793 6 2287
processo933 1795 9 2222
processo934 1796 6 2750
processo935 1799 10 1865
processo936 1799 7 2109
processo937 1803 7 2277
processo938 1805 9 2747
processo939 1807 1 2653
processo940 1809 3 2491
processo941 1810 6 1984
processo942 1810 10 1995
processo943 1810 5 1858
processo944 1811 6 2367
processo945 1815 9 2503
processo946 1816 1 2615
processo947 1817 2 1895
processo948 1821 7 2822
processo949 1823 4 2473
processo950 1825 6 2360
processo951 1828 5 2609
processo952 1832 5 2494
processo953 1836 7 2174
processo954 1836 8 1910
processo955 1836 8 2440
processo956 1838 6 2272
processo957 1838 7 2005
processo958 1841 8 2607
processo959 1844 3 2008
processo960 1848 10 2695
processo961 1848 1 2240
processo962 1851 2 2170
processo963 1852 8 1963
processo964 1854 8 2735
processo965 1855 1 2726
processo966 1859 3 2069
processo967 1859 5 2699
processo968 1861 3 2087
processo969 1861 8 2524
processo970 1862 10 2848
processo971 1862 2 2082
processo972 1865 1 2767
processo973 1865 9 2723
processo974 1866 8 2330
processo975 1870 4 2500
processo976 1871 1 2262
processo977 1874 6 2426
processo978 1874 5 2698
processo979 1877 10 2145
processo980 1877 8 2692
processo981 1881 4 1936
processo982 1885 2 2300
processo983 1886 10 2447
processo984 1886 1 2035
processo985 1889 7 2520
processo986 1889 3 2818
processo987 1891 8 2382
processo988 1895 8 2710
processo989 1895 4 1907
processo990 1898 6 2799
processo991 1901 7 2566
processo992 1902 7 2301
processo993 1906 10 1977
processo994 1908 2 2383
processo995 1910 10 2069
processo996 1913 7 2231
processo997 1917 5 2792
processo998 1921 1 2879
processo999 1924 6 2782
